#   San Francisco, CA (SI Units)
1   290.53485 279.97034 14.2789545 286.30774
2   292.60214 280.71588 15.208858 287.3607
3   295.28787 282.5848 13.424993 287.57306
4   294.9795 282.00278 13.462948 285.69952
5   295.52124 282.8933 14.745457 285.93893
6   299.6172 284.16016 16.978882 288.05447
7   302.54688 286.87598 22.461329 290.96082
8   301.5957 289.21045 18.020275 291.96204
9   302.6582 288.26733 17.405989 291.33194
10  298.5327 287.48743 20.058067 291.24362
11  294.45288 280.024 12.758289 287.04535
12  288.26245 280.1489 16.789362 286.4299
